[Variables]
nozzle_expansion_applied_offset = 0.04750000000099419
nozzle_expansion_coefficient = 0.04750000000099419

